25.569
34.2357
48.2357
40.4714
42.7071
31.4714
29
28.569
37.9428
24.2357
32
41
39.569
24
39.7071
32.2357
32
28.2357
25.569
34.2357
31.3333
28.7071
26
44.3738
39.3333
37.4714
26
25.3333
32.2357
32
39.2357
34
30.569
30
39.569
45.1381
39.2357
36.2357
27
39
32.2357
29
24.2357
23
32
22
29.569
38
34.1381
38.2357
33.2357
25
28.2357
23
32.3333
31.2357
33
35.2357
45.4714
31
38.2357
36.4714
29.569
26.4714
24
24.2357
24
34.4714
21
40.2357
25
42
37
34
27
40.2357
35.569
34.2357
27
36.4714
42.2357
38
33
23.4714
33.3333
41
43.569
27
33
35.2357
30.569
36.4714
37.2357
53.569
42.2357
21.4714
24
34.2357
33.2357
35.9024
27
30
40.2357
26.3333
29.4714
33
29
47.3333
33.4714
33.3333
29
37.4714
22.2357
25
37.8047
30.4714
29
35.4714
31.4714
34.2357
32.569
26
33.569
21.2357
24.569
25.569
32
32.6667
31.3333
37.2357
33.0404
35.2357
24.2357
22.2357
24
31.7071
35.2357
32.2357
27.2357
38.4714
36.6667
32.2357
32.4714
39.3333
29.7071
22
35.4714
31.2357
34
35.2357
38.2357
35
28
25.2357
35
29.2357
40.8047
31.4714
32.569
28.3333
29.2357
19.4714
36.2357
34.2357
28
30
33.3333
29
38
35.4714
33.2357
33
37.2357
37.569
29.3333
35.8047
31.7071
39.2357
27
33
34.569
28.2357
36.3333
34.2357
30
40.8047
27.569
46
27.4714
32.2357
40.2357
29
40.2357
36.569
26
25
33.3333
48.2357
29
19
31.569
27
26.9428
34
38
26
28.3333
31.2357
34
23.2357
37.569
31.569
31.2357
32.8047
19
33
33
36.2357
15
31
37
22.2357
26
25.2357
36
28
39.2357
31
34.2357
32.3333
32.2357
34.8047
36.2357
24
27.3333
32.3333
22.2357
34.3333
22.8047
33
29.3333
43
33.4714
21.8047
30.569
29.2357
22.2357
34.2357
27.2357
33.2357
25.3333
34.3333
34
39.8047
35
27.569
30.2357
39
36.2357
34
18
31.2357
30
44.4714
27.4714
26
43
34
27
34.7071
40
25
33.2357
39.2357
38
36.2357
31.4714
40.4714
35.4714
30.3333
30.4714
41
39
33.4714
40.4714
35.8047
27.4714
43.2357
33.4714
31.7071
30.2357
25
36
34
35.569
33
36.4714
32.569
36.4714
36.7071
36.2357
24.2357
44.2357
27.2357
26
29.4714
35.0404
26
30.4714
31.2357
42
23.2357
24.2357
22
33.8047
24
32
40.3333
16
30.0404
27
29.2357
26.7071
38.7071
32.4714
27
30
29
39.569
38
40.4714
30.3333
31
20.2357
31
35
28
24.2357
36.2357
35.4714
35
30.2357
43
23
33
31.2357
40.2357
28
21.2357
23.2357
22
29.2357
26.4714
36
34.3333
32.569
38.2357
20
31.8047
39.4714
38
24.4714
28.7071
38.7071
20.2357
34.569
27
24.3333
40
30.8047
28.569
38.9428
37.2357
28.2357
27
34
35
41.569
34
37.9428
25.569
34
40.2357
27
28.8047
48.4714
30
34.6095
31.4714
26.2357
24
31
35.3333
31
36.569
33.2761
36.2357
24.569
27
31.2357
25.4714
34.2357
31
34
25.9024
31.2357
27.3333
32
38.4714
27
36
34
29
27.2357
31.3333
36
35.2357
22
33.2357
35.2357
26.2357
28.2357
35.7071
27.4714
32.2357
36
32.8047
32.3333
24
27
37
30
16
16
27
31.3333
31.569
34.2357
40.2357
38
41.2357
35.2357
42
38.4714
31.3333
37
24
31.569
50
33.2357
38.569
34.0404
29.2357
24
35.2357
42
34.3333
33.569
44
36.4714
28.7071
32.3333
32.569
33.2357
19.2357
38.4714
25.2357
38.8047
31.3333
31.2357
36
26.2357
30.2357
33
20
31.3333
33
43
29
25
37.8047
36.569
43.3333
29.2357
37
27
34.3333
37
23.2357
42.7071
29
33.569
38.3333
33.9024
27
30.8047
29
23.3333
29
33
29.4714
31
32.2357
42.8047
32.569
24.2357
33.2357
31.8047
46.8047
24.9024
33.7071
30
18.2357
30.4714
21.569
35.7071
27.2357
25
33
44.569
29.2357
24.3333
26.569
34
36.4714
27
38.0404
38.2357
45.9024
27
31
21.2357
36.4714
17.2357
34.8047
32.7071
27
34.2357
33.569
34
34.6667
33.2357
31.4714
31
39.8047
23.4714
28
39.2357
46.9428
33.4714
30.8047
28.2357
30.4714
21.4714
27
32.2357
35.2357
41
35.2357
24.2357
34.569
22.2357
27.4714
28.2357
38
29.2357
45.7071
33
28.4714
28.2357
26.569
24
43
35
32
31.569
49.4714
29.9428
36.2357
31.2357
45.4714
32
31
40.2357
25.2357
34.569
29.569
28.8047
39
19.7071
24.3333
27.4714
33.3333
24.2357
26.2357
32.2357
38.2357
28.4714
27.2357
40.2357
24.4714
26.2357
33
35.569
22.2357
33.569
30
36
33
29.4714
32.7071
29
28
19.2357
29.4714
25.569
32.9428
25
32.2357
36.2357
28.2357
25.2357
28
24.2357
40.2357
32
33.4714
44.2357
35.4714
31.2357
35
41
22
32.0404
28
38.4714
21
30.4714
40
33.2357
47.4714
33.2357
37
33
36.2357
25
29.2357
34.569
38.2357
39.2357
32.4714
43
35
31.4714
25.2357
36.9024
25.3333
24.7071
33
34.2357
29.4714
26
33.4714
32.2357
23
37.4714
32.2357
27
38
27.4714
35.0404
28.3333
27.2357
33.8047
26
26
42.2357
25
27
34.7071
38.3333
25.2357
39.9024
35.2357
29.0404
36.3333
40.4714
39
33
32.4714
34.3333
31
28
26.2357
37
26
30
34.3333
24
42
27
27
33
42.2357
39.569
32
34.4714
48
26.3333
33.569
41.2357
30.2357
37.2357
28.9428
19
21.4714
26.9024
24.2357
27
19.2357
41.3333
42.569
28
34.2357
34.2357
34.569
16
29
30
39
22.3333
28.2357
29
34.2357
43.3333
27
26.2357
32.2357
32.569
21
21.4714
22.2357
24.569
34.7071
25
34.2357
26.8047
22
27.3333
48
32
31.7071
37
40.2357
28
38.7071
36.2357
30.4714
28.9428
34.2357
37
36.3738
30.4714
29.2357
28.7071
38
40.4714
18.6667
33.8047
45
27.4714
21.2357
31
28.7071
32.569
35.0404
33
35.2357
35.2357
29.3333
32.2357
25
25
36.2357
22.569
27.7071
35
31
25.2357
28
32.7071
33.4714
34.569
30
37.3333
34.7071
29.2357
25
24
30.9024
30
44.9428
30.3333
39.3333
43.2357
29
40.2357
27.4714
28
19
19
27
29
28.2357
29.6667
26.3333
36.4714
28.2357
34.569
34.2357
34.2357
26.2357
37.569
17
38.2357
38.2357
29.4714
30.8047
31
36
27.2357
30
35.9024
28
39.4714
42.569
26.7071
37
38.3333
25.2357
30.3333
36.7071
27.2357
30
31
31.3333
31.2357
34.2357
44.0404
27
32.2357
36.2357
36.4714
28
35.2357
28.4714
24.569
31.2357
30.9024
37.2357
25.7071
38
32
30
37
31.4714
32.3333
37.569
39
32.4714
35
25.569
31
36
40
25
27.2357
36.2357
36.2357
42
30.4714
37.2357
28
26.0404
39.7071
31
42.2357
32
39.6667
41.4714
31.2357
29.4714
33.3333
33
32.2357
36.2357
29
21
31.4714
30.569
29
38.6667
27.2357
33.2357
40.7071
42.2357
34
25.3333
37.1381
27.2357
31.4714
24.1381
34.2357
27
44.2357
26
33.7071
35.2357
29
30.2357
32.8047
29.3333
27
37.569
24
28
30
29.569
27
20
32
28
32
26
32.2357
33.2357
27
42
34
30.2357
43.2357
35.4714
38.3333
31
24
29.0404
25
28.2357
24
31.2357
23.569
42.2357
23.3333
41
27.4714
28.3333
22
31.3333
44.9428
39.2357
32.2357
27.2357
34.2357
39.8047
34
33
25
38.9428
28
29
19.2357
28
20
39.2357
32.3333
34
34
31.4714
37.2357
43.2357
31.4714
29.2357
34
35
25.7071
31.569
29
38.4714
29
32.569
29.9024
33.4714
39.1381
28.2357
33.2357
23
36.7071
38.2357
33.2357
28
35
34
32.569
39.569
33.569
28.569
29.2357
44
31.569
33.569
30.8047
37
21
29
34
27
34.4714
34.2357
30.2357
40.3333
28.2357
23.2357
32
39.2357
35
29
30.4714
26.3333
32
33.2357
32.569
26.4714
30.2357
35
30.2357
37.2357
29
31.2357
44.4714
33
37.2357
33.8047
35.2357
37.569
29
29
29.2357
31.3333
22
28.569
25.2357
24.0404
23.3333
23.4714
32.9428
35.2357
39.569
31.2357
36.2357
35
37
36
24
47.6667
31.569
24
32
37.3333
37.2357
41.2761
34
23
32.569
42.2357
40
36.2357
28.2357
31.4714
23.569
33.569
31.2357
41
37
30
34.569
28
34.2357
33
24.2357
26
42.8047
35.2357
25
34.3333
34.4714
40.6667
31
25
27
42.2357
42
24
38.3333
28.8047
39.4714
23
35.9428
29
29.569
33.4714
36
36.4714
32
30.4714
27.2357
35
30
29
30.2357
31.8047
19
27
26.569
33.2357
38.2357
29.2357
31
42
34.569
30
25.2357
33.3333
39.3333
28
31.4714
30
31.2357
29.2357
22
24.8047
34
39.2357
29.2357
29
26.2357
33.569
32.2357
33
37
24.2357
35.3333
44.8047
42.2357
32
38
31.4714
31.2357
20
37
33.2357
28.0404
35.0404
31.2357
37.569
32
29.2357
29.2357
21.2357
34.2357
37.4714
21
18
22
29.2357
23.2357
32
31
36.6667
27.7071
30.3333
31.3333
26
29.569
30
33.569
28.4714
29
39.4714
29
36
28.4714
35.4714
36.2357
27.569
32.2357
29.2357
36.3333
37.3333
33.2357
32
24.2357
29.8047
34
24.4714
36.2357
16.2357
32.8047
32.3333
43.4714
28.2357
36.4714
37.7071
37.2357
40.3333
29
41
37
30
32.569
33
20
32
33.2357
24.3333
29.2357
37.2357
29.2357
24
30.0404
37.4714
32
31.7071
34.2357
36.7071
30.4714
36.3333
39.7071
29.3333
37
25
31.4714
39
27.2357
37.4714
38.4714
28.4714
27.569
34.9428
40
29.3333
28.2357
32.4714
41.569
44.3333
35.2357
28.2357
31.2357
38
30.2357
31.3333
34
29
28.4714
34.2357
34.2357
31.2357
34
28.569
26
27.2357
37.569
39.3333
32.569
36
25
38.2357
28
36.2357
26
43.2357
26.2357
32
35.3333
23
28
44.4714
29.3333
26.2357
28.3333
33.2357
33.3333
30.2357
28.2357
46.3333
36
33.2357
38.2357
34.7071
32.2357
35.7071
30.2357
20.4714
28.2357
36
36
31.2357
28.2357
41.3333
40.2357
31
30.3333
23.3333
32.4714
37.2357
23.2357
30.2357
36
35
30.2357
37.2357
26.4714
40.3333
34.3333
31.2357
27.2357
21.4714
29.8047
38.569
38.4714
36.9428
38.2357
38.4714
35.1381
34.3333
34.4714
29.3333
30.2357
33.4714
33.3333
41.3333
20.3333
29.9428
32.4714
33
38.569
28
31
35.6667
37.2357
35.569
31
21
30.4714
32.1785
30.3333
30
42.2357
30
50.2357
29.4714
32
35.2357
36.2357
32
48
29
34.2357
31.2357
37
35
24.2357
28.2357
33
30.8047
37
31
20.2357
25
38
35.569
28
33.4714
30.2357
35.569
35
39
22.7071
28.4714
36.569
35
34.4714
32
25
33.569
35.569
22
21.7071
21.3333
22.2357
33
31.569
32.4714
33
29.4714
31
28
29.2357
22
40
27.2357
35.2357
27.2357
18
29.2357
28.3333
30.0404
50.8047
32.2357
40.2357
37.2357
33.1381
19.4714
25
28
35.6667
25.4714
29
25
39.3333
29.7071
34.0404
30
27
40.2357
22.3333
41.4714
26.2357
31.9024
26.569
36
18
41.2761
27
32
33.2357
29
34.3333
37.7071
37.4714
32
29.569
40.569
28.2357
28
27.2357
31
36
26.2357
30.2357
25
24.8047
34.3333
32
38.2357
32
33
31
31.2357
29
28
26
36.2357
36.9428
25.2357
26.2357
39.2357
30.569
41
28.4714
38.4714
25
39
34.2357
26
16
20
27.3333
30.2357
26.4714
29
40.2761
38
33.4714
35.3333
40
34
28.2357
30.3333
30
22
33
36.8047
28
35.569
28.8047
26.2357
24
33.2357
27.569
40.0404
29.9024
36.569
39.3333
41
33.3333
34.9428
28
30.569
35.2357
25
32.3333
32
34.4714
28.2357
18
30.8047
26
39.2357
29.7071
34.2357
33.2357
32
27.7071
39.7071
26.2357
22.3333
38.569
39.2357
36.2357
39.8047
26
44.7071
32.2357
41.4714
25.2357
37.8047
26.569
40.4714
25
34
31.3333
33.2357
28.3333
18.2357
30
35.4714
33
28.2357
31.2357
26.0404
37
27
25
34.569
42.7071
41.9428
31
32.2357
33
29
27
25
36.2357
42
23.2357
27
29
35
30
44.2357
36
32.2357
28.4714
32.7071
30
34.2357
33
28.2357
37
38.2357
28.3333
30.2357
44.2357
32
41.4714
33.2357
46.0404
29
25
27
37.8047
38.7071
26
29.2357
24.4714
39.2357
40.2357
27.4714
37
38.2357
33.2357
26
32.4714
21.3333
34.2357
39.569
30.2357
37
27.2357
30.2357
34.569
36.2357
35.8047
28.2357
29
34.2357
33.2357
40
36.9428
26.2357
24
35.3333
21.2357
31
30.4714
34.4714
27
30.2357
28
27
33.7071
31
32.3333
30.2357
23
26
22.4714
38.8047
41
37.2357
21
38.4714
39
22
29.7071
33.2357
35.569
25.7071
25
27.3333
26.7071
29.3333
39
34.3333
34.7071
38.2357
27.4714
31
32.4714
20.2357
32.8047
33.3333
37
28.2357
34
34.2357
31
38
28
33
25
27.2357
37
38.2357
30.2357
25
35.3333
47.569
34.2357
20
32.4714
35
41
21.2357
27
39
31.9428
18.2357
29.2357
33.569
25.2357
39
32.4714
37
32.3333
30.569
30.4714
34
28.3333
39.8047
42.2357
30
37.3333
33.2357
28.2761
31.4714
29
25
27.3333
40
26.2357
34.2357
26.7071
36.2357
27.4714
34.2357
30.2357
30.0404
29.2357
27.3333
38
48.2357
22.7071
33.2357
34.2357
34
30.4714
32
33.2357
29.1381
26.2357
39.2357
23
35
28.3333
37.4714
30.8047
31
32.7071
36.2357
34.2357
30.3333
24
31.0404
24.2357
28
36.3738
37
39.2357
25.2357
31.2357
27
27
35
28.569
26.4714
25
26.2357
34.2357
30.4714
40
35.2357
39.3333
40.569
26
31
31.8047
47
33
32
30.3333
38
23
24.2357
26.8047
29.2357
30
22
24
33
25
27
40
30
35.9024
26.3333
34.2357
34.4714
30.7071
30
29.2357
33.3333
41.2357
36.4714
37.2357
39.569
31
25
28
28.2357
25
30
36
35.2357
41.9428
31.4714
42.2357
26.3333
35.3333
24
29.3333
31
33.2357
37.4714
30.2357
35.4714
32.569
38.3333
26
29.2357
42.8047
27.2357
18
30.2357
34.3738
34.569
36.569
36.2357
32.2357
40.569
28.7071
21
35.3333
24
40
30.0404
39.2357
33.2357
30.2357
37.4714
35.2357
32.4714
28.2357
27
38.3333
30.8047
29.4714
34.3333
27
34
40
33.7071
29.2357
33.2357
35.6667
30.4714
33
36.2357
29.569
32.8047
29.2357
30.3333
25.4714
33
28
27.2357
36
31.2357
32
27
34
32
29.2357
28.8047
28.2357
30.8047
25.7071
26.2357
27.7071
26.2357
38
34.0404
37
32.2357
28.569
24.2357
37.7071
35.7071
30.2357
37
25.4714
20.4714
34.6667
32.2357
38.0404
34.569
36.2357
38.2357
28
32.2357
30.2357
24.8047
26.569
24
44
25.569
26.2357
32
32.2357
37.2357
32.3333
23.2357
34.4714
24
40
32
36.2357
38.9024
37
43.2357
29.4714
40.2761
39.2357
32.569
29
34.4714
30.2357
32.4714
29.8047
32.2357
33.2357
35.2357
32
29.3333
24.4714
30
36.2761
30.4714
26
26.7071
37.2357
28.2357
29.2357
27
37
34.569
19.2357
30.7071
45.2357
34.2357
31
40
20
22.2357
35
41.6667
32.6667
31
28
36
38.2357
36
23.569
38.4714
36.4714
26.2357
27.569
36.2357
36.8047
34
29
32
44.2357
35.2357
25
23
25.7071
25
25
44.4714
31.569
31.2357
28
42.3333
29
34.569
28
27.2357
35.2357
29.2357
26.6667
26.2357
23
27.569
31.2357
34.7071
36.3333
26
37.3333
35.2357
21
31.2357
40.2357
37.2357
29
41.6667
29.2357
30.9428
31
32
19.569
34.569
29
27.2357
34.2357
24.4714
28
29
29.4714
36.2357
32.4714
30
31.2357
38.4714
28.3333
27
40.569
24
23
29.2357
31
38.2357
24
34.569
26.7071
39.0404
29.7071
29.569
36.2357
32.3333
39
42.2357
42.569
37.2357
26
32.8047
37.1381
36.3333
41.8047
27
38.7071
38.569
22.2357
26
26
27
40.4714
34.569
38.2357
23
40.569
41.3333
37.9024
24.2357
32.569
24.2357
34.2357
33.3333
40.7071
35.2357
27.2357
36.2357
21.2357
29.569
34
35.2357
31.4714
31
25.7071
30.4714
27.569
25.4714
35
31
33.569
29
26
30
31
42.569
31
26.4714
31.2357
33.4714
44.4142
34
33.7071
34.2357
25
24.2357
29.2357
19
35.569
36.569
35
31.2357
37.4714
30.3333
34
35.2357
37
24
32
36.3333
29.4714
30.3333
32.2357
35.2357
30.2357
36.2357
34.4714
22
35
34
20.2357
29.2357
30
34.2357
29
40
37.2357
33.2357
41
18
34.3333
32.7071
32
23
41.3333
24.2357
39.3333
37.4714
30.2357
32.7071
31.4714
31.4714
36.2357
33.6667
23.3333
35.7071
27
28.2357
39.6667
43.569
36.9024
37.2357
30.569
26.3333
30
30.2357
27
36.4714
32
34
33.3333
35
25.3333
45.4714
44
29.2357
34
29
33.6667
23
31.0404
30
34.2357
31.2357
44.4714
34.7071
24.569
33
19
26
31.2357
40
27
32.4714
27.3333
44
41.4714
31
31
38.9428
29
35.4714
19
30
27.2357
37
21
23
38.3333
26.8047
33.3333
42.2357
32.569
30.569
38
47.2357
30
27
21
29.4714
40.4714
32.2357
40
29
32
20.3333
37.2357
33.2357
23
35.569
46.9024
36.4714
27.2357
30
27.3333
22
42.569
30
39.2357
33.2357
32.3333
30
33
35.7071
32.2357
34.2357
38.8047
37
30.569
25
26.2357
30
22.2357
27.4714
19.3333
31.2357
26.569
38.4714
36.2357
28.4714
33.4714
33.2357
30
28.2357
43.2357
37
31
37
30.4714
27
30.4714
27
33.4714
18.4714
29.2357
28.2357
28.4714
32.2357
36
34
23
32.2357
41.3333
24
35
44.3333
28.2357
36.9024
32
30.4714
38.0404
31.2357
33.2357
35
35
28
27.2357
39.4714
34
39
33.2357
34.3333
39
28.3333
41
24
21
26
24.2357
35
25.2357
44.3333
28.2357
31.4714
46
26.2357
33.3333
34.2357
25
30.3333
26.2357
30.4714
34
47.4714
23
33
25
31.3333
23.569
35.4714
36.2357
33.6667
35.569
25.4714
36
42.8047
37.1381
23.569
30.2357
35.3333
28
39
36.2357
33.4714
31
35.4714
29
34
36
29.4714
31.3333
29.569
31
34
52.2357
38.4714
20
43.4714
30
33
27.6667
31.2357
25.7071
30
25.4714
27
27.3333
34.3333
26
25
28.569
35.2357
22.2357
18.2357
38.2357
29
23.4714
37.4714
39.2357
29.2357
29.2357
28.4714
33.2357
28.2357
41.4714
22
27
30.2357
42.3333
27
33.2357
38.4714
28.4714
25
31.2357
38.2357
32
32.8047
35
17
30
34.2357
31
34.3333
24.4714
31
27.2357
26.2357
28.2357
32
38.0404
24.7071
30.2357
32
30.4714
27
33.9024
33.2357
27
41
30.6667
41.2357
33.2357
25.2357
38.9024
29.3333
23
29.2357
28.7071
39.2357
35.2357
27
27
29.2357
28.2357
28
33
25.2357
29
34.4714
42
37.7071
39.3333
27.2357
39.2357
30.7071
23.4714
36
27
24.2357
28.2357
32.7071
24
18.2357
37.4714
18
22
26
29.8047
39.3333
35.2357
37
39.2357
40.3333
32.7071
27.2357
39.2357
37.2357
32.569
47.2357
40
31.3333
32.3333
38.2357
36
30.4714
26.4714
26.3333
35
30
24
25.9024
37
23
25.4714
34.2357
30.2357
35
37
29
34.4714
34
23.569
37.2357
32.2357
23.2357
25.2357
25
31
28.2357
31.4714
38.7071
31.8047
36
29.7071
40.9428
39
28.2357
38.2357
29.569
41.9428
40
38.569
33.3333
30.3333
32
38.4714
30
27.2357
18
29.9428
30.4714
38.8047
29.2357
34
31.6667
23
39.4714
34.569
30.2357
27
35.569
21.4714
23
36
29.7071
27
26.569
48.8047
34
33.2357
31.3333
39
25
32
27.4714
23.4714
31
37.569
37
33
27.2357
54
26
29
27
33
35.2357
27
35.7071
20
28.7071
32
33.4714
32.3333
43.2357
31.569
28
32.5118
27.4714
31
35.569
29.2357
33.2357
24.3333
42
38.4714
30.2357
30
35.2357
41.569
39.3333
22.4714
29.3333
28.3333
32.569
35.8047
26.7071
27
24.2357
27.2357
29
27.569
35
26.2357
30.8047
26
32.8047
32.2357
18.3333
34
24.3333
30.569
28.569
35.4714
27.2357
23
32.2357
35
29.569
42.2357
29
28.2357
27.569
34.2357
28.4714
31.2357
36.569
30
33.2357
30.2357
42.8047
28.4714
24
32.569
26.3333
39.0404
29
38
21.4714
37
33
32.8047
36.569
30
34.2357
39.2357
29.2357
34.4714
32.2357
26
35.2357
25.2357
39.2357
39.2357
35.4714
35
27.2357
31.2357
24.2357
19.569
36.2357
34
31.7071
32.8047
28.4714
25.2357
26.3333
31.569
33
48.2357
27
32.4714
20.2357
29.2357
34.2357
31
34.4714
39.5118
40
34.2357
35.2357
30.8047
29.8047
36
34
44.2357
26
29.3333
32.8047
22
26
27
25.3333
37.3333
33
36.8047
31.2357
31
36.569
26
22
28.9428
29.2357
34.4714
34
36.2357
28.4714
34
27.4714
34.2357
27
35
30.569
30.2357
27.4714
24.4714
32.2357
41.2357
42.9428
45
22.569
39
27
37.2357
30
27
23.2357
38.4714
35
34.2357
36.3333
24.3333
26
22
27
29
30.3333
31
31.4714
38
30.569
29
36.4714
28
33.2357
30.7071
29
34.2357
26.2357
34
27
24.3333
32.2357
22
25.3333
31.8047
31.3333
29
35.4714
48
33.7071
31
37.3333
35.8047
27.4714
46.569
31.2357
44.3333
32
28.2357
28.2357
31
31.3333
31
25
34.2357
32
27.2357
26.4714
34.2357
30
27.2357
35
28.2357
27.2357
39
31.4714
28.2357
37.7071
27.4714
35
43
30.569
31
22
35.4714
22
39
37.569
31
30.2357
27
39.569
29.4714
31.2357
27.2357
30.2357
29.2357
31
27.3333
33.4714
27.3333
33
38
31.3333
26.2357
39.3333
20.2357
30
33.569
31.2357
27.2357
24
28.3333
32.4714
37.4714
34.2357
27.2357
30.2357
32.2357
36.6667
35
35.3333
33
36.2357
39.4714
30.2357
23
36.2357
25
41.7071
34.2357
45.2357
36
25.7071
29
25.4714
38
31
26.2357
32.2357
36.0404
25
27
26.3333
27
37.2357
30
28.4714
23.2357
27.4714
26
28.2357
38
39.3333
38.2357
37.4714
27.8047
33.569
36.2357
34.9024
27.4714
41
43.2357
28
40.2357
32.2357
36
29.3333
31.2357
35.3738
32
38.2761
26.2357
20
24.2357
25
32
42.4714
28
20.2357
29.2357
28.569
22
39
17
36.3333
36.2357
32.2357
36.569
32.4714
33
31.569
28.2357
29
31.2357
33.2357
37.3333
28.2357
29.2357
33.4714
28.2357
38.569
28.2357
38.2357
32.2357
32.2357
31
40.569
31
34.3333
36
35.8047
44.2357
24.2357
31.7071
25
35
26
30.2357
29.4714
34.2357
31
24.2357
31
26
17
36
36.2357
27
33.2357
26
36.2357
32.2357
31
37
27.2357
41
42.4714
25.2357
31
36.2357
40.2357
28
31
28.4714
22
29.2357
28
31
38.1381
24
31.3333
35
34
28.2357
30
32
38.9428
24.9024
19.6667
25
26.0404
28
28
34.2357
27.2357
30.2357
34
25
38.2357
28.569
25.2357
29
29.7071
33.3333
25.4714
32.2357
35.2357
30
26.4714
29.2357
36.2357
39.3333
26
34.2357
30
32
28.569
35.4714
24.2357
34.2357
34
38
33.9428
43
38
29.2357
34.2357
25.2357
38
32.2357
41.2357
24.2357
29
36.2357
27
32
35
35
41.2357
31.2357
39.9428
37.2357
38.2357
30.2357
35.3333
36.2357
27
24
35.4714
35.569
45
26.2357
42.2357
35.2357
42.2357
30
31.2357
30.2357
39.4714
32.2357
27.2357
27.3333
35.4714
29.4714
17.4714
32.7071
35.9024
32
30.7071
38.2357
17
26.3333
39
29
31.2357
42.7071
34.569
33.2357
35
25.569
21.3333
37
28.6667
33.7071
39
36.9024
20.2357
35.2357
37.2357
35.3333
26.4714
36.9024
31.569
34
28.2357
29
30
35.7071
29
23.2357
29.3333
35.4714
34
34.3333
38.2357
40.8047
35.2357
33.2357
34.2357
24.2357
27
47.2357
32
29
30.2357
31
34.4714
29.2357
44
30
34.2357
36
38.2357
32
33
20
21.2357
36.4714
36.3333
37.0404
29.2357
34.2357
35
44.9428
30.2357
26
35.8047
37
38.4714
25.2357
29
37
24.569
38.4714
30.4714
26.2357
30.2357
30.2357
31.2357
31.2357
28.4714
35
30
29
20
27.2357
32
27
34.4714
31
27
35
32.569
23.2357
36.0404
27.4714
31.569
35.3333
16.2357
27.2357
41.4714
33.4714
27
44.4714
28.9024
26.569
43.2357
33.2357
35.569
27
27
31.569
20.4714
39.2357
30.3333
30
29.2357
35
28
31
28.569
33.4714
42.2357
27
29.2357
35.3333
24.8047
35
37
32.2357
28
28
34
30
34.2357
33.2357
38
31.2357
24.3333
32.2357
32.8047
32.7071
42.569
29
28.4714
33
26.2357
30.569
20
41.2357
30.8047
37.4714
36.569
35.569
31.2357
29
37
25.569
33
29.4714
31
29.4714
25
37.3333
33
25
32.8047
28.569
28.2357
27
38
39.4714
29
38.4714
29.569
28.2357
35.4714
40.8047
38.8047
34.2357
35.569
38
38.2357
32.2357
29
22.2357
38
26.2357
34
32.2357
33.2357
28
25
36.4714
39
31
35
33.2357
35.569
28.2357
42.2357
20
31
35.4714
31
39.3333
31
35.8047
28.2357
36.2357
39
50.7071
27.2357
24.2357
34.2357
31.4714
33
29.4714
32
26.1381
26.4714
41.7071
20
27.4714
35.2357
42.3333
29.2357
27
35.3333
32.3333
34
33.4714
39.4714
33.3333
31.2357
25
44.2357
36
30
28.569
50.3333
29
27.2357
33
31.2357
34
22.2357
25.3333
31.2357
26.4714
36.3333
39
38
32
29
29.6667
33.2357
33.4714
29.6667
34.8047
41.2357
27.569
30.2357
37
30
26
28.2357
29
25
37.3333
29
34.3333
37.3333
27.9428
45.569
28
37.3333
28.2357
40.4714
38
36.2357
40.569
34.2357
40.4714
42
36.2357
30
27
32.3333
32.2357
30.569
33.2357
21.2357
35.2357
38.0404
24.4714
31.2357
36.569
30.3333
30.7071
30.569
21.4714
31.2357
37.2357
31.4714
35.4714
34
33
40.3333
40.6667
35
29.2357
24
29.8047
30.8047
35.4714
35
37
29.2357
40.2357
31
29.3333
36
37.3333
28
23.2357
22
29.7071
29.8047
34
31
33.7071
32
31.4714
43
34.2357
35.4714
22
28
29
22.6667
34.4714
31.4714
35
38.2357
35.8047
35
34
37.3333
33.4714
32.3333
27.7071
23.569
27.2357
28
25.3333
26.569
18
33.2357
26.4714
33
29.2357
31.6667
29.3333
23.2357
37.7071
25
26
36.4714
35.4714
31.3333
33
38.2357
40.2357
33.2357
34
27
28.2357
28.3333
39.2357
37.4714
28.2357
41.7071
38.3333
34.2357
30.8047
26
31
36.2357
32.0404
36.2357
22.2357
32.0404
33.3333
22
26
22
31.3333
26.3333
31.2357
43.2357
35.8047
32.4714
36.9024
33.9024
39.4714
28
33.2357
33.569
37.3333
30
42.4714
31.8047
26.2357
28.2357
41.3333
40.8047
23
23
34.1381
40
22
34
37
34.569
22.4714
25.8047
34
40.2357
26
18.2357
33.4714
30.4714
26
30.3333
28
31
31.2357
32.2357
27.2357
29.2357
28.4714
30
27.2357
34.1381
35
32.8047
23
41.2357
33.2357
36.2357
35.2357
35
36
39.569
28.4714
35.4714
28.2357
29
34.2357
34
33
38.4714
28.4714
32.569
30
28.2357
31
39.2357
35
34
26.3333
26.2357
30.2357
37
32
29.9428
26.7071
36.1381
25
27.2357
29.2357
31
41.0404
50.2357
33
20.2357
34.2357
35.8047
42.569
30.569
36.4714
36.9428
32
35.3333
42.3738
26.2357
24.2357
27
25.7071
31
24
34.2357
36.569
42.2357
37.569
21.4714
38.4714
30.2357
41
30
32.2357
25.2357
34
38.2357
32
32.2357
40
32.2357
27.2357
37.8047
27.7071
41.2357
27
28.2357
36
35
25.2357
41.4714
34.7071
38.4714
29.7071
35.4714
30.4714
37.569
23.3333
27.569
28.3333
34.2357
30.9024
28.4714
34.4714
29
26
29.2357
30
29
33
27
34.2357
23.2357
24
28.2357
25
22.2357
33
26
28.3333
40.0404
31.4714
31
27.3333
30
34
31
28
27
28
21.2357
34.2357
36.1381
29.4714
34
20
36.7071
35.7071
41
29.7071
31.2357
35.2357
37
32.569
40.2357
30.3333
34
31
35.7071
40.2357
30
31.8047
35.8047
36
26
43.7071
34.2357
29.2357
36
30
38
32
19
34.2357
25.4714
25.569
32.3333
31.569
33
27
32.6667
35
36.4714
23
41
30
24
38.2357
22.2357
29.569
29.569
21
27.8047
33.569
33.8047
29.9024
27
31.569
33.4714
37.8047
26.2357
29.2357
31.569
30.4714
35.4714
36.2357
29.8047
20.569
30
33.2357
35.2357
27.2357
28
38.2357
36.8047
26.3333
27.2357
28
23
34
33.4714
36.2357
22.3333
38.569
33.9024
29.4714
31
32.7071
36
26.2357
15
29.2357
31.8047
31
31
22
35.2357
26.4714
23.3333
26
30.8047
24.3333
36
34.2357
24
31.2357
23
37.8047
37
35.3333
29
30.569
46.7071
32.569
30
33.8047
27.2357
48.2357
29
30.2357
33
38
26
39.1381
31.4714
35.8047
29
37.4714
29
38.0404
34.3333
32.3333
26.2357
38.2357
37.2357
34.8047
32
31
35.4714
30
40
27.8047
24.4714
26
26.3333
21
47.2357
30.2357
30.0404
30.2357
32.4714
39.4714
30
44.4714
38
26
27
32
33.4714
30
38.4714
32.2357
20
21.2357
41
34.569
48.4714
26.2357
29.2357
27
40.569
31
31.7071
21
34.2357
44.4714
32
38
29.3333
39
32.6667
24
38.6095
21.2357
27
29
26.4714
43.2357
37
42.569
35.569
26.2357
31.3333
19.3333
28.3333
31.4714
43.7071
34.569
31
37.2357
38.2357
34.2357
24.2357
30.3333
34.3333
36.3333
45.7071
37
22.2357
40.569
29
32
33.2357
28.2357
33.3333
31.6667
35.9024
32
36
31
26
33.2357
37
34
21.569
42.2357
27
23
34
32.6667
27
33.2357
30.2357
29.2357
36.7071
23
27
35
29.2357
24.569
33
25.2357
33.2357
22.2357
30
38.569
31
28.2357
42.569
38.4714
28.2357
39
33
39.2357
31.8047
34
26.2357
31.2357
37.7071
28.2357
38.4714
31
24
36.8047
33.569
21
28.569
25
34
37.4714
41.8047
28.2357
27
37
27.6667
41
32.2357
47.569
41
33
31.8047
32.8047
40.569
34
36.3333
22
32.2357
30.2357
27.569
43.2357
37.2357
31.2357
30.2357
28.2357
24
34
33.6667
35.569
34
32
32
36
36
34.3333
31.8047
29
28.2761
35.3333
32.4714
28.2357
32.569
30.4714
35.4714
33.3333
37.4714
43.3333
24.2357
32
33.569
23
37.4714
26.569
32
34.2357
29.2357
32.2357
25
37.4714
24.3333
38
37.3333
35.2357
38.2357
38.2357
27
30.3333
37
41.3333
42.569
25.2357
40.569
36.6667
24.2357
24.4714
37.4714
32
38
34.9024
25
30
28.3333
34.2357
29.2357
33.3333
29
32.6667
29
33
32
29.2357
25
20.2357
42
40.2357
29
35
29.2357
35
28
30
28.4714
29.8047
23
28.4714
30.569
36
28
33
28
23
37.4714
33.6667
35.4714
28.4714
24
35.2357
29.2761
44
20
24.569
47.9428
35.2357
33.8047
39.569
38.8047
31
31
36.2357
28
31.7071
38.4714
30
33.2357
24
27.569
24.3333
27.2357
31
31.2357
41.7071
27.4714
38
33.3333
31
28.4714
34
29
29
37.2357
24.2357
29
32.3333
28
30.2357
32
33.4714
31.2357
34.2357
23.3333
33
32
41.9024
36.2357
30.2357
27
35.4714
37
20
38.2357
15.2357
30
37.1381
19.2357
29.4714
23.4714
28
28.569
33
46.0404
21
45.2357
23
30
34.2357
29
29.7071
26
31.4714
38.3333
30
31.569
40.569
35
36
31
36
31.2357
40
26
34.2357
31.2357
36
34
34
33
41.8047
28.569
32
25.2357
30.2357
31.8047
30
44.2357
34.2357
26.8047
30
34.2357
27.7071
32.4714
42.3333
29
31.2357
26
36.4714
24
27.2357
47.4714
27
39
43.3333
42.2357
37
26.2357
39.2357
42
34
28.3333
30.2357
32.2357
23.2357
18
35
28.2357
38.2357
36
33.2357
29.569
29
31
27
31.2357
32
25.4714
35.569
30.569
25.3333
25.2357
33
28.2357
26
28
32.2357
17
32.2357
36.569
25.2357
33.2357
30
29
21
23.2357
33.4714
24
42.3333
32
31.2357
25.2357
29.4714
38.3333
28.2357
44.2357
27.2357
23.8047
40.4714
29
35.2357
30
23
37.2357
25.2357
31.2357
26
34
31.2357
39.6667
30.2357
35
33.4714
23
24.2357
28
34.2357
30
35
43.2357
27
31.8047
37.6667
34
29
36.4714
26
33.4714
27.4714
41.2357
33.4714
40.3333
25.569
37.2357
26
29.2357
29
34.4714
31.2357
38
30.3333
30.2357
29.7071
17
44
26
24.4714
34.2357
27
35.2357
27
25
26
31
44.1381
40.3333
18.3333
39.9024
24.2357
28.2357
29.3333
34
33
26.2357
39.7071
26.3333
28.2357
34.4714
32.3333
23.2357
24.2357
27
28
37
29
31.4714
38
29.7071
37
35
31.569
26.4714
32
27
40.4714
24.2357
29
33
38.2357
23.2357
24.2357
29
40.7071
34.3333
35
33.8047
38
39
22
29.2357
29.3333
42.3333
33.2357
21.569
27
38.7071
20.8047
41.3333
36.3333
35.8047
31.2357
36
36
37.4714
26.2357
35.4714
26
46.4714
35
30
32.2357
44.569
26.569
32.8047
27
35
27.2357
26.3333
36.2357
31
29.7071
34.2357
31
28
34.3333
24.8047
35.2357
32
19.2357
34.569
30
37.7071
31
38.2357
32.4714
21
43.569
28.2357
29.2357
33.4714
36
40.569
38
31
33
28.4714
27
36.4714
31.2357
31.3333
31
28.2357
24
20.2357
38.2357
30.2357
33.7071
24
27
30.2357
28.4714
30.2357
40.569
31
40
41.4714
35.2357
27
18
41.4714
38.4714
35.4714
24
29
33
35.2357
32.2357
35.4714
28.3333
31.4714
42
25.3333
32
28.8047
26
19.2357
30.4714
19
25.569
27.4714
32.569
34
37
40
29
34.3333
30
32.7071
32.2357
36.569
30.4714
28.2357
31
42.569
35
37.1785
37.4714
33
39.4714
32.1785
39.3333
27
31
42.2357
26
26.2357
30.2357
26
30.8047
27.3333
33.2357
43.3333
24
22.2357
28
27.2357
28.3333
42.3333
33
33
35.4714
24.2357
38.9024
32
31.4714
28
27.3333
31.9024
28
33.4714
40.9024
37.2357
30
31
39.8047
29
27
34.0404
31.3333
28.2357
36.569
24
40.0404
31.3333
22.2357
24.3333
28
30.7071
32
35.6667
34.3333
35.4714
40.4714
23
34
28.4714
28
24
38
27.7071
42.8047
40.2357
30.569
36.569
29.4714
30
29.2357
32.2357
30
32
25.2357
33.2357
36.2357
32.2357
28.2357
44.3333
24.2357
37
41
25
29.3333
25
31.3333
26.3333
28.4714
30.8047
37.2357
28
27
31.2357
27.569
30.2357
34.1381
24
37.2357
34.7071
39.2357
28
26.7071
31.7071
34.2357
26
28
37
37.3333
37.569
24.3333
32.8047
37.2357
27.2357
36.4714
23
29
22.569
31
32.6667
39.3333
35
30
25
32
32
34
42.569
40.2357
31
32.4714
36
25.4714
21.4714
30.2357
31.2357
28
34
40.2357
33.2357
36
26.2357
47.2357
26.2357
30
27
34.3333
38
29.4714
34
35.2357
41
33.3333
24.2357
30.2357
40.2357
24.569
31
39.2357
24.2357
42.4714
31
35
24.569
36.9024
30.4714
38.569
34.2357
30.2357
28.2357
35.4714
29
32
27.569
28.7071
24.2357
30
28.4714
29.7071
33.2357
40.4714
52.2357
36
24
31.2357
33.4714
33.2357
38.569
37
29
21.4714
27
38
38.2357
37
29
33
19
35.2357
36.8047
32
34.3333
20
33.2357
44.3333
32
33.2357
30.7071
39.2357
29.2357
33
36.2357
24
38.8047
40.2357
23
27
30
26.569
27.2357
27.4714
41.2357
42.2357
31
26.569
23.6667
25.4714
31
39.2357
27
27
37
32.2357
36.2357
29
30.3333
40.2357
37.8047
30
26.9428
40.2357
31
35.4714
24.569
27.2357
36.8047
45.2357
26.569
39.569
33
32.2357
32.4714
36.4714
27
33.4714
29.2357
38.4714
21.4714
25.2357
25
30
28.2357
36.8047
28.569
27
27.2357
37
25.2357
24.2357
34
28.2357
33.3333
34
32
25
32.2357
29.2357
24
34.4714
36.1381
31.4714
31.569
26
36.4714
29
29
22.2357
30
35.4714
31.7071
23
24.2357
36
28.2357
41.569
33.6667
15.4714
32.569
29.2357
37.2761
33.7071
34.8047
26.4714
38.4714
28.2357
39.2357
26.8047
40.569
30.2357
31.2357
25.6667
34
28
40.3333
25.2357
26.6667
32.2357
34.7071
29
42
43.2357
36
29.569
28.2357
37.569
29.2357
20
33.4714
31.2357
23.3333
28
33.4714
30.2357
42.8047
25
32.4714
41.7071
32.4714
30.2357
29.2357
34
39
37.1785
20.2357
34.2357
34
32.7071
30.2357
29
34
35.2357
31.2357
25
33.2357
18.7071
32.2357
38.2357
18.2357
29.2357
31.2357
29.2357
30.2357
25.3333
28.569
23.2357
27.7071
29.4714
23.7071
33.9428
31.569
30.2357
40
30.4714
33.8047
42.9024
36.2357
30
41.4714
33
30
26.6667
35.2357
25.3333
44.2357
39.3333
28
23
33.2357
35
32.4714
31.2357
35.3333
29
23
40.8047
30
34.4714
35.569
36.2357
24
33.3333
27.3333
21
24.2357
34.4714
40.1785
40
35.0404
25.2357
35
26
26
33.4714
32.2357
31
31.4714
27.2357
36.2357
31.2357
30
29
34
23
23
30
35.3333
42.4714
37.8047
26
24.3333
31.2357
40
37.2357
38.4714
34
35.4714
27
32.8047
35.4714
30.3333
30.3333
38.4714
22.2357
23.4714
44.3333
40.4714
29
30.2357
34.2357
31.8047
39.4714
35
31.8047
37.9024
33.7071
42.1785
36.569
24.2357
35
34.9428
34.2357
38.3333
29.2357
30
29
22
42
26.2357
21
22.569
37.8047
29.2357
33
31
24.2357
30
21
35.4714
40
39.4714
46.9428
28.2357
33
28.3333
29.8047
29.3333
23.8047
31
30.2357
30.569
41.2357
28.3333
24
29.2357
32.2357
35.2357
29
35
29
36.9024
27.2357
29.3333
25.4714
19.2357
32.2357
31.2357
23
22.2357
33.2357
27
28.569
31
31.7071
52
31.2357
30.4714
33
28.569
26.2357
34.3333
43.4714
32
39.3333
27.2357
37.0404
30.569
30.4714
29.2357
32
37.569
25
37
34
42.7071
39
35.7071
26.2357
40.569
42.7071
40.8047
35
32.2357
25.2357
23.4714
33.4714
31
32.569
33.2357
33.3333
20.4714
34.569
31.3333
23
29
21.7071
24.2357
38.4714
33.3333
35.6667
27.4714
38.4714
29
44.0404
45.569
30
31
24.9024
30
32.8047
45
35
32.2357
35
27.3333
37.569
30
28.2357
35.4714
30.2357
28.2357
31.8047
29.3333
32.569
25
27.4714
34.7071
27.3333
27.2357
32.2357
26.2357
26.7071
30.2357
37.7071
43.4714
33.3333
31.2357
47.3333
24
36.4714
34
30.3333
35.7071
33
37.4714
29.2357
41
26
35.2357
45
23
24
35.569
39.3333
30.569
26
34
25.4714
40.4714
32.3333
35.569
30.2357
33
32.2357
34.8047
27
42.8047
29
43
32.4714
34
31.8047
34
36
35.2357
27
40.2357
29.2357
29
22
32
37.3333
29.3333
35.3333
34.2357
41.4714
28.2357
19
33.8047
32
34.569
27.2357
36
28.3333
37.2357
33.2357
35.2357
26
28.2357
37.8047
32
30
30.3333
34.3333
26
31.2357
18
31.2357
37.2357
37
31.8047
44.8047
30
30
27
39
42.569
29.3333
27.2357
25.2357
27
33.9024
27
24.3333
24
37.2357
19
51.2357
27
48.4714
32.2357
31.2357
36.4714
38.569
42.3333
31.2357
31.2357
35.2357
16
43.1381
37.2357
25.3333
29.2357
36
31.2357
39.4714
28
30.569
43.2357
40.2357
25.3333
29.3333
21.3333
27.4714
32.4714
26.2357
27
39.1381
48.4714
28
23.2357
29
31.3333
25
30.569
25.2357
37.569
22
20.2357
38.2357
27.7071
42
28
33.3333
33
20
33
30
37.4714
36
32.2357
23
39.2357
36.3333
30
30
34.4714
32
24
28
28.569
43
26.2357
24.8047
36.2357
29
31.3333
20.7071
29.3333
29.4714
50
44.4714
25
42
31
32.7071
26
38.2357
36.569
22.3333
31.2357
37
27.4714
35.2357
28.2357
39.2357
29
29.569
30.2357
43.4714
35.2357
27.569
30.569
31
22
31
24.2357
36.2357
37.2357
30
35
36.2357
31.2357
28.3333
39.6667
25.7071
37
25
32.3333
55.8047
34.2357
34.569
25.3333
34.4714
35
20
26
27
25
32
37.8047
28.4714
27.3333
26.3333
28.3333
37.8047
28.2357
40
32.2357
48.2357
33.569
35.2357
32
40.2357
33
33.4714
29.2357
35.2357
33
28.2357
25
34
37.4714
30.4714
36.3738
33.4714
40
25.9024
38.2357
29.3333
32.4714
24.2357
20
37.3738
28
31.4714
39
41.569
32.569
32.8047
28
37.2357
23
31
28
31.2357
40
31.2357
37.4714
28.3333
29.2357
29.2357
31
32
21.3333
22
36.7071
31
33.0404
24.4714
32.2357
24.4714
34
47
33
27.569
37
41
30.2357
23
33.2357
34
39.3333
36
25.7071
31
35
33.2357
28.4714
38.2357
27
33.569
28
36.2357
34.569
45.0404
35.2357
36.2357
20.6667
25.4714
24.569
31.3333
32
22.2357
37
24
39.2357
42.2357
36.4714
31.2357
32.2357
39
26.3333
27.569
28.2357
26.2357
32.3333
33
29.3333
28.2357
25
38.3333
34.4714
34.3333
24.2357
40.4714
38.2357
29
29.569
29
30
29
28
29
27
31
37.4714
27.569
32
40.3333
34.3333
33
23
32
34.2357
30.3333
32
29.4714
37.3333
51.1785
33.2357
36
28.569
28
40
32
33.4714
27
32
30
29
40.2357
29
39.3333
31.9428
28
30.3333
29.6667
34.2357
34.2357
22
30.0404
24.9024
35.0404
29
30.7071
25
32.3333
33
32.3333
34.3333
33.2357
37.3333
38.7071
35
30.2357
22
29.2357
40
31
26.2357
33
24
28.2357
40
33.9428
33.3333
31.2357
33.2357
23.2357
35.569
43
34.569
27
30
33.8047
39.2357
42.3333
25.2357
29.2357
35
37.8047
38.3333
37.3333
38
18
27.2357
41.4714
25.3333
25.2357
37.2357
39.4714
23
38.2357
40.569
38.4714
32.4714
25.8047
34.569
35.2357
32.2357
30.2357
29.2357
21.2357
39
32.4714
28.2357
28.8047
30
23.2357
20
34.2357
35.3333
45.569
24.3333
35.2357
30.2357
26.4714
23
40.2357
31.569
42.2357
33.569
28.6667
23
28
33.2357
31.4714
35
29.4714
26.2357
39
30.569
31.7071
27.2357
43.2357
34.2357
30.2357
29
31
36.2357
35.3333
42.4714
35.569
38.4714
24
32
30
30
31
24
35.4714
34.9428
33.6667
43.2357
28.3333
29.3333
29.6667
29
28.4714
30.2357
32
32.7071
29
34.2357
32
36
43.4714
24
42
28.7071
44.569
35.6667
47.2357
27
25
30.3738
32.2357
39.4714
31
29.2357
31.4714
22
32.2357
42.2357
40
37.3333
21.569
28
35
36.3333
33.2357
37.8452
48.4714
36
32.2357
28.4714
30.2357
31.2357
26
33.2357
28.2357
27.569
35.4714
25.3333
23.2357
33.569
41.3333
39.2357
27
40.7071
27
28
37
34.1381
37.2357
29.3333
39.4714
35.6667
26
36.8047
36
35
28.3333
30.2357
29.2357
33.4714
29
24
28
42.2357
37.569
41.2357
43.2357
32.4714
26.2357
36.2357
36
28.569
37.2357
33.2357
29.569
31.4714
23.7071
34.2357
32.4714
28.2357
35.3333
35
24.3333
37.2357
37.3333
26
33.2357
34.0404
27
37.7071
30
28
43.6095
28
31.2357
35.7071
20.2357
27
45.2357
23
33
37.2357
32.8047
38.2357
38.569
30
38
20.4714
27.2357
32.2357
34.2357
31.6667
49
35.3333
44.2357
48.8047
25
30
34
33
27.2357
38.569
23.4714
34
31
23.2357
41
40.2357
34.2357
35.7071
37.7071
29.2357
34.2357
31.2357
18
31.7071
32
36.3333
36
33
32.2357
20.569
25
39.6667
31.569
30.3333
28
30
31.2357
20.2357
28
24.569
35.2357
37.3333
32.569
35.2357
39.2357
31.2357
45.569
32.8047
30
30
35.2357
31.2357
36.4714
34
34.2357
30
29.3333
28.2357
27
34.2357
31
21
38.2357
31
38.4714
35.0404
29
31.2357
33
31.4714
35.569
27.3333
27.3333
24.2357
34.4714
27
37
33.4714
26
39.2357
29.4714
36.2357
29
36
33.2357
26.3333
31.2357
37
26
37.0404
22.569
25.4714
34
28
41.2357
27.3333
41.3333
30.2357
33.2357
29
38
32.2357
25
34.2357
32
34
29
22
24.569
31.2357
25.4714
34
36.2357
39.2357
28.7071
30.569
32.8047
35.2357
26.3333
45.8047
34.3333
29.4714
35
28.4714
32.4714
29
32.7071
35
37.4714
32.8047
26
38.2357
35.6667
29
23.2357
29.2357
33
34.2357
33
26.2357
39.2357
44.2357
34
31.569
31.2761
26.8047
43.7071
31.569
35.569
33
39.3333
27.2357
44.3738
43.569
41.2357
21.2357
32.2357
39
24.4714
31
38.4714
34.7071
42.2357
37.9428
38.2357
37.2357
35.569
25.2357
30.2357
37.2357
33.2357
17.4714
23
27
32.3333
34.569
37.9428
32.4714
34.2357
20.4714
24.4714
40.2761
32.569
33.0404
32.2357
31.3333
28.2357
24.4714
24
32.9024
36.6667
48.2357
26
23
29.2357
40.4714
32.4714
39.2357
39.2357
22.7071
34.2357
39.6667
28.2357
26.8047
34.2357
22.4714
29.4714
31.2357
31
25.2357
29
45
39.569
16
29.2357
30.2357
30.4714
35
27
36.2357
40
32
33.3333
31
27
38.2357
29.569
38
27
31
33
29.2357
28
29.2357
26.7071
40
35
35.2357
39.2357
25
35.2357
34.8047
32
36.4714
33.8047
22
37
32
35
38.3333
24.3333
48.3333
44
34
30.569
29
40.7071
38.4714
40
31
41.2357
31
31.4714
37
29.2357
28.2357
31.2357
34
29.2357
18
33.8047
37.2357
35.4714
31.3333
32.3333
33
38.569
45.569
28
27
26.2357
39
29.569
26
33.2357
37.3333
43.2357
31.3333
32.569
35.2357
32
30.2357
35
35.2357
30.569
33.1785
32.2357
32.2357
28
28
33.2357
36.4714
35.2357
34
36.3333
30.6667
28
32.2357
23
33.2357
32.569
27.2357
30.6667
34.7071
30.7071
28
26.4714
36.8047
32
38
27.569
24
29.4714
32
34
35.569
31.3333
34.2357
36.2357
34.8047
30.2357
32.2357
21.2357
24
30.569
36.3333
39
26
26
32.3333
39.569
24
36
35.2357
31
34.3333
29.3333
31
32.3333
32
34.2357
39.2357
30.2357
29
25.569
41.2357
29.3333
21.569
37.4714
21
24
28
46.9024
24
37.2357
31
23
30.3333
30
29.2357
33.569
38
39.2357
41
28.569
30.2357
30.8047
34
28.2357
31.7071
31
18
27.2357
22.3333
35
31.9428
38.4714
34.3333
35.2357
34.2357
33.3333
35.2357
31.2357
31
30
33.2357
27
36.569
20
25
37.2357
39.569
40.2357
19
36
24
36.2357
37.8047
20
26
37
29.7071
28.569
28.4714
33
28.569
34.2357
27
38
41.4714
30
44
32.4714
46.0404
35.7071
40.4714
33.4714
37.3333
31.7071
44.8047
21.2357
26
38.2357
30.569
32.2357
35.4714
37.4714
35.2357
23
30.4714
20
22.4714
35.9024
25.2357
33.4714
36
38.4714
35.2357
37.4714
42.2761
31
28.2357
27.8047
29
38.4714
29.4714
35
39.569
29.2357
29.569
40.3333
31.2357
24.2357
30
35.2357
34.2357
39.8047
33.2357
31.9024
30.4714
17.2357
35.2357
40.569
33.2357
25
33.8047
25
31.3333
29.2357
35.3738
34.2357
24.4714
37
28
35.2357
28.7071
18.2357
24
27
37.4714
35.0404
29
34.2357
36
24
30
37.569
33.2357
30
39.2357
37.3333
38.569
28
39.2357
47.2357
33.4714
26
40.4714
36.8047
38.8047
27.2357
17
32.2357
37
26.4714
38.4714
38
29.2357
33.2357
23.569
29
40.2357
40
40
18
31
30.2357
37.3333
26
21
28.569
30.569
13
22.4714
33.2357
31
21.2357
32
26.2357
39.8047
30
36.569
30.3333
33.4714
27.4714
30.6667
25.4714
28
31.0404
30.2357
21.569
25.569
34.2357
38.4714
38.2357
20.2357
29.2357
29.2357
41
23
23.2357
20
35.7071
37.3333
40.569
27.569
30.7071
31.2357
23.2357
29.2357
33.2357
26.3333
30.3333
30.2357
31
39.569
27
24.3333
36
26.2357
34.2357
33.2357
37.7071
30.3333
39.3333
43
20
39.3333
32.4714
33.2357
39.2357
25.2357
35.2357
27.4714
31.6667
29.569
35.2357
29
33.2357
36
29.7071
24
34.2357
35.2357
38.7071
31
34.3333
30.2357
31.2357
46.569
37
33.8047
26.3333
31
27
27
32
29
27.8047
26
27.2357
33.4714
31.2357
23.6667
25
36.4714
32
24.4714
27.9428
35.7071
23.4714
30
33.2357
31
28
22.569
32.2357
22.4714
20
34.3333
37.2357
28
33.3333
26.4714
25.2357
26.2357
34.2357
30.3333
29.2357
27.2357
34.2357
37.4714
24
38
35.2357
43.2357
42.4714
31.2357
34
28.7071
34.4714
31
30.2357
30.2357
29.4714
32.3333
32.2357
35.2357
26
33
34.2357
33
41
27
26.7071
25.2357
21
37.0404
23.9024
28.3333
33
23.8047
28.2357
31
30.4714
32.4714
30
37
36
39.569
26
25.4714
27.3333
35.8047
29.2357
30.2357
31
35
33.2357
32
27
37.3333
29.4714
30.8047
25
38.2357
35.2357
36.2357
42.569
41
39.2357
31
31.2357
33.4714
36.0404
30
35.4714
23.2357
26.2357
33
34.4714
33.2357
37
23
36.7071
24.6667
28.2357
30.8047
27
34
32.2357
31.8047
36.569
27
31
28.2357
45.3333
27.2357
25.2357
34.2357
31
18.2357
32
33
30
29
37.2357
27.2357
39.2357
28
34.569
23
27.2357
31.2357
28.2357
28.4714
30.2357
28.4714
27.7071
34
34
36.6667
33
32.2357
27
47.8047
33.8047
25.569
30
27
35.4714
33.2357
40.2357
28.4714
31.8047
20
27
44.569
33.569
34.569
31
20.2357
33.3333
30.2357
37.2357
38
27.2357
33.8047
30.4714
34
26
37.2357
25.9024
32.2357
29.2357
33.7071
34
36.2357
44.569
30.3333
40.2357
23.2357
38.7071
32.2357
22
36.3333
33.2357
26
32
39.7071
35.2357
38
34
36
33.2357
25
28.2357
36.2357
23
34
22
36.3333
28
30.2357
36
33.2357
27
26
43.3333
40.569
37
26.2357
37
39
34
23.2357
48.4714
36.7071
28
27
33.4714
30.3333
24.3333
26.6667
27.2357
34.7071
32.2357
38.2357
27
30
26
30.2357
33.569
41.9024
37.8047
42.4714
32
27
31.0404
34.2357
33.569
29
37.3333
27.569
21.2357
22
26
44.4714
34
27
32.2357
21
23.2357
43.2357
25.2357
27.2357
29
35
34
32.2357
38.2357
33.4714
33.3333
30
28.3333
25.3333
28
31
36
29
17.3333
31.7071
35.0404
24
36
27.569
25
37.2357
38.3333
34.2357
34
26
27.2357
37.4714
35.2357
41.2357
39.2357
26
37
36
23
29.2357
28
33.2357
25.3333
28
32.7071
23.2357
27
24
45.1785
25.2357
24
34.9428
34.2357
34
31.4714
42.0404
40.569
36.2357
38.2357
27.9024
24
31.2357
26
24
35.8047
41.569
40.2357
31.4714
25.2357
38.2357
38.3333
27.2357
31.569
26.569
30.3333
28.569
27.4714
34
41
27.4714
40.8047
30.2357
33.2357
19.4714
24
27.2357
27.3333
22.2357
21.2357
33.2357
41.2357
33.2357
34
32.3333
21.2357
30.2357
36.2357
35.4714
28
27.4714
31
23.3333
32
27.4714
30.7071
27.3333
44
27.2357
28.3333
36.2357
29.2357
24
33.569
42.3333
27
28.569
32
36
22
26.7071
35.2357
41.6667
35.3333
27.7071
24.7071
44.0404
38
30
36
32.4714
30.7071
37.7071
25
38.569
28
34.5118
29.2357
25
38.7071
35.4714
28.2357
38.3333
26
34
42.4714
36.2357
30.3333
30.2357
30.569
34
38.569
33.4714
38
28
23.2357
38
28.4714
22.2357
30
27.2357
20.2357
34.3333
31.2357
25
39
34.2357
36.2357
32.2357
39.4714
27
35
38.2357
30
38
34.4714
34.3333
33
25.7071
32.2357
34
26.8047
34
37
25
32.569
31
29
25
29
34.2357
45.5118
31
30.7071
36
26.2357
26
25.4714
23.3333
28
35.7071
29.4714
42.3333
41.4714
27
35.3333
32.2357
36.2357
38.7071
35.2357
38
25.2357
27
40
31.569
27.7071
29
27
31.2357
39.2357
34.2357
25.2357
28.2357
29.2357
34
31
36.8047
33.2357
41.8047
34.2357
25
25.2357
25.2357
24.3333
43.2357
29.569
33.3333
34
19
30
20.7071
24
29.9024
34
30
33
33.3333
41.9024
30.2357
33.7071
37.8047
27
32.2357
30.9428
23
20
46.2357
34.7071
22.4714
24.2357
34.2357
29.2357
39.9024
24
27
40.2357
33.2357
38
24.2357
33
32
28
31
37.3333
25
36.4714
25.2357
32.8047
30.3333
16.2357
35.2357
37
23
38
28
24.2357
30.2357
27.2357
31.4714
28
25.2357
28
37.2357
35.2357
21.2357
32.2357
31.569
34.8047
37
28.2357
31
42
37.569
24.2357
24
32
25.2357
40.569
35.569
39
32.2357
37
29.2357
42.3333
33.7071
39.2357
28.8047
26.3333
31
31
28.2357
32.4714
31
38.2357
38.3333
30.4714
31
33.2357
30.569
29.2357
39
34.569
29.9024
38
27.8047
35.8047
32
26
35.9024
30
36.569
36.8047
31.9428
33
44.569
21.4714
30.2357
28
22
42.3333
36.2357
33.7071
29
36.8047
31
36
31
38.2357
29.3333
39.2357
37.4714
19.2357
32
22.2357
26
36.2357
42.2357
39
36
32
33
22
30.569
29.3333
32
